RI,1,2020,10,20,13.5,23
RI,2,2020,1,0,4.5,13
RI,3,2020,3.5,0,3.5,10
RI,4,2019,0,0,0,0
RI,4,2020,6.5,13,9.5,15
RI,5,2018,4,0,4.5,8
RI,5,2020,4.5,0,10.5,14
RI,6,2020,7,6,14,21
RI,7,2019,0,0,0,0
RI,7,2020,4,0,0,0
RI,8,2019,6,6,7.5,12
RI,8,2020,5.5,6,10.5,17
RI,9,2019,3,0,0,0
RI,9,2020,5.5,13,5,15
RI,10,2020,2.5,0,0,0
RI,11,2018,2,0,0,0
RI,11,2019,0,0,0,0
RI,11,2020,4.5,0,5,17
RI,12,2018,3,0,4,8
RI,12,2019,4,0,0,0
RI,12,2020,3.5,0,2,9
RI,13,2020,6,13,5,13
RI,14,2020,3.5,0,6,1
RI,15,2020,0,0,0,0
RI,16,2020,6,11,6.5,12
RI,17,2020,5.5,18,5.5,18
RI,18,2020,4,0,2,2
RI,19,2020,6,8,6.5,17
RI,20,2019,6,13.5,10,12
RI,20,2020,0.5,0,3.5,17
RI,21,2019,2,0,4.5,0
RI,21,2020,7.5,13,13.5,20
RI,22,2018,7.5,0,5.5,0
RI,22,2020,0,0,0,0
RI,23,2020,3.5,9,8,8
RI,24,2020,2.5,2,5.5,9
RI,25,2018,0,0,0,0
RI,25,2019,1,0,0,0
RI,25,2020,1.5,1,5,13
RI,26,2020,2.5,0,7,17
RI,27,2018,5.5,6.5,5.5,9
RI,27,2020,6,8.5,10.5,17.5
RI,28,2019,0,0,0,0
RI,28,2020,5,12,6.5,17
RI,29,2020,6,4,9.5,13
RI,30,2018,3.5,4,7.5,17
RI,30,2019,0,0,0,0
RI,30,2020,3.5,3,1,11
RI,31,2020,5,1,3.5,0
RI,32,2020,7.5,8,5.5,12
RI,33,2020,6,9,13,17
RI,34,2020,5.5,0,3,8
RI,35,2020,5,0,2.5,9
RI,36,2019,0,0,0,0
RI,36,2020,1.5,2,4,3
RI,37,2018,5,9,7,10
RI,37,2019,2,0,0,0
RI,37,2020,2.5,0,0,10
RI,38,2018,6,0,10,0
RI,38,2020,4.5,0,6,13
RI,39,2018,1.5,0,0,0
RI,39,2020,0,0,5.5,8
RI,40,2020,6.5,3,3.5,19
RI,41,2020,0,0,0,0
RI,42,2020,4.5,0,1.5,0
RI,43,2019,2.5,1,0,0
RI,43,2020,4,0,0,0
RI,44,2018,3,0,5.5,1
RI,44,2020,2,0,3.5,0
RI,45,2019,2,0,0,0
RI,45,2020,0,0,3,2
RI,46,2019,2.5,0,3.5,0
RI,46,2020,3.5,0,1.5,5
RI,47,2018,2,4,2,1
RI,47,2019,6,3,0,0
RI,47,2020,4,0,0,0
RI,48,2020,1.5,0,1.5,0
RI,49,2020,2.5,0,4.5,3
RI,50,2018,4,0,0,0
RI,50,2020,5,2,8,7
RI,51,2020,4,12,5.5,10
RI,52,2020,3,0,5.5,0
RI,53,2018,0,0,0,0
RI,53,2020,0.5,0,0,0
RI,54,2019,6,3,3,1
RI,54,2020,0,0,0,0
RI,55,2020,7,10,3,22
RI,56,2020,8.5,9,11.5,22
RI,57,2018,0,0,0,0
RI,57,2019,4.5,0,0,0
RI,57,2020,0.5,2,0,0
RI,58,2019,6,6,3.5,2
RI,58,2020,4,3,4,5
RI,59,2019,0,0,0,0
RI,60,2018,0,0,0,0
RI,60,2019,0,0,0,0
RI,60,2020,5,13,2.5,17
RI,61,2018,0,0,0,0
RI,61,2019,0,0,0,0
RI,61,2020,3,1,0,1
RI,62,2020,8.5,11,5.5,10
RI,63,2019,5,8,1.5,0
RI,63,2020,3.5,13,4,8
RI,64,2019,3,6,3,5
RI,64,2020,5.5,2,5,20.5
RI,65,2018,6,7,6,4
RI,65,2019,2.5,0,1.5,4
RI,65,2020,3,0,0,0
RI,66,2018,4.5,0,0,0
RI,66,2019,0,0,0,0
RI,66,2020,3,3,2.5,9
RI,67,2019,0,0,0,0
RI,67,2020,4,7.5,7,11
RI,68,2019,1,0,0,0
RI,68,2020,2.5,5.5,0.5,3
RI,69,2019,4.5,5,0,0
RI,69,2020,4.5,0,1.5,0
RI,70,2020,4.5,5.5,3,1
RI,71,2020,1.5,1,0,0
RI,72,2019,0,0,0,0
RI,72,2020,0,0,0,0
RI,73,2020,0,0,0,0
RI,74,2019,7.5,15.5,2,13
RI,74,2020,3,9,1.5,0
RI,75,2018,0,0,0,0
RI,75,2019,4,6,1.5,0
RI,75,2020,1,0,1,0
RI,76,2018,0,0,0,0
RI,76,2019,2.5,3,5.5,14
RI,76,2020,3,1,1,8
RI,77,2020,3.5,1,2.5,2
RI,78,2018,8.5,2,8,17
RI,78,2019,5.5,13,2.5,8
RI,78,2020,4.5,3,1.5,1
RI,79,2019,1,0,2,0
RI,79,2020,2,7,0,0
RI,80,2019,2,0,0,0
RI,80,2020,9,12.5,6.5,9
RI,81,2018,1.5,9,0,0
RI,81,2019,0,0,0,0
RI,81,2020,4,0,1,0
RI,82,2020,1.5,1,0.5,0
RI,83,2018,0,0,0,0
RI,83,2020,5,13,9.5,16.5
RI,84,2019,3,0,0,0
RI,84,2020,5,0,3,0
RI,85,2018,3.5,8,2,1
RI,85,2019,5,6,3.5,2
RI,85,2020,4.5,9.5,4.5,0
RI,86,2020,1.5,0,2,0
RI,87,2020,2,0,2,0
RI,88,2020,0,0,0,0
RI,89,2020,3,7,1.5,0
RI,90,2018,0.5,2,1.5,0
RI,90,2020,3.5,6,0.5,1
RI,91,2020,4,2,1,0
RI,92,2018,4,6,0,0
RI,92,2019,3,7,0,0
RI,92,2020,1.5,0,0,0
RI,93,2020,0.5,0,0,0
RI,95,2018,5.5,0,0,0
RI,95,2020,0,0,0,0
RI,96,2020,1.5,0,1,8
RI,97,2020,0,0,0,0
RI,98,2019,0,0,0,0
RI,98,2020,4.5,4.5,0.5,4
RI,99,2019,0,0,0,0
RI,99,2020,0,0,0,0
RI,100,2020,0,0,2,2
RI,101,2018,3,0,1,0
RI,101,2020,3.5,8,4.5,8
RI,102,2018,3.5,0,0,0
RI,102,2020,5,4,2.5,7
RI,103,2019,9.5,9,6.5,3
RI,103,2020,5,14,4.5,10
RI,104,2020,4,7,3.5,4
RI,105,2019,8.5,13,8,5
RI,105,2020,0,0,1.5,0
RI,106,2020,1,0,0,0
RI,107,2019,6,1,2.5,1
RI,107,2020,3,3,2,9
RI,108,2018,4,3,0,0
RI,108,2020,0,0,0,0
RI,109,2019,0.5,0,0,0
RI,109,2020,0.5,0,0,0
RI,110,2019,6.5,15,10,13
RI,110,2020,1,0,2.5,0
RI,111,2019,8,13,4,11
RI,111,2020,1.5,0,0,0
RI,112,2019,0,0,0,0
RI,112,2020,1,0,1,0
RI,113,2020,4,0,1.5,0
RI,114,2020,0,0,2.5,6
RI,115,2020,3.5,0,3,4
RI,116,2020,0,0,0,0
RI,117,2019,4,13,5,10
RI,117,2020,0,0,0,0
RI,118,2018,5,13,2,8
RI,118,2019,3.5,0,0,0
RI,118,2020,6.5,6,8,19
RI,119,2018,7,5,5,21
RI,119,2019,4.5,8,2,8
RI,119,2020,2.5,3,3.5,2
RI,120,2020,2.5,3,7.5,4
RI,121,2020,6,14,13.5,22
RI,122,2019,1.5,12,3.5,2
RI,122,2020,5.5,9,13.5,17
RI,124,2020,5,17,5,13.5
RI,125,2019,6.5,1,4,2
RI,125,2020,0,0,2.5,1
RI,126,2020,0,0,3.5,4
RI,127,2020,5,2,4,3
RI,128,2019,5,4,7.5,11
RI,128,2020,8.5,15,10.5,18
RI,129,2019,5.5,9,8,0
RI,129,2020,3,18,10,13
RI,130,2018,0,0,0,0
RI,130,2020,5,0,2.5,8
RI,131,2020,5,9,11,15
RI,132,2020,1,6,2,0
RI,133,2019,6,0,0,0
RI,133,2020,4.5,2,3,2
RI,134,2018,7.5,9,7,17
RI,134,2020,3.5,0,3,1
RI,135,2019,3,0,0,0
RI,135,2020,7,2,7,0
RI,136,2020,5.5,6,5.5,10
RI,137,2020,5,4,1.5,0
RI,138,2020,3.5,0,1,0
RI,139,2020,0.5,0,0,0
RI,140,2020,3.5,1,9,2
RI,141,2020,9,20,9,18
RI,143,2020,1,20,0,0
RI,144,2020,2,0,0,0
RI,145,2020,3.5,10,0,4
RI,146,2020,3.5,4,6.5,4
RI,147,2020,3,16,3.5,7
RI,150,2020,7,20,7,4
RI,151,2020,5,13,11.5,17
RI,152,2020,6.5,18,11,25
RM,18,2016,4,11,7.5,17
RM,23,2017,8,20,13.5,23
RM,25,2016,4,13,3.5,7
RM,29,2017,3,13,0,0
RM,32,2016,6,14,6.5,14
RM,33,2017,0,0,0,0
RM,41,2017,4.5,12.5,4.5,8
RM,43,2016,0.5,0,0,0
RM,50,2015,0,0,0,0
RM,66,2017,0,0,0,0
RM,75,2017,7,5.5,4.5,10
RM,78,2016,0,0,0,0
RM,84,2015,3,3,0,0
RM,92,2017,0,0,0,0
RM,94,2017,3,0,0,0
RM,97,2017,0,0,0,0
RM,98,2015,0,0,0,0
RM,109,2017,5.5,0,0,0
RN,1,2020,7.5,7.5,6,10
RN,2,2020,7,9.5,11,11
RN,3,2019,1,0,2,1
RN,3,2020,8.5,20,13,25
RN,4,2020,8.5,20,11,18
RN,5,2019,1.5,0,5,1
RN,5,2020,7.5,20,10,18
RN,6,2020,8,9.5,10,10
RN,7,2019,0,0,0,0
RN,7,2020,4.5,9.5,11,5
RN,8,2020,5,1,6,3
RN,9,2020,5,1,2,2
RN,10,2020,3,7,10,11
RN,11,2019,3.5,4,2,1
RN,11,2020,7.5,20,12,11
RN,12,2020,5.5,20,11,18
RN,14,2020,0,0,0,0
RN,15,2020,8,8,14,16
RN,16,2020,5,14.5,9,24
RN,17,2020,7,14,10,9
RN,18,2020,6,16,13,24
RN,19,2020,7,6,13,25
RN,20,2019,6,3,9.5,8
RN,20,2020,7,14,14,20
RN,21,2020,5.5,19,11.5,16
RN,22,2020,5,20,8.5,25
RN,23,2020,4,0,0,0
RN,24,2020,3,0,0,0
RN,25,2019,4.5,0,2,0
RN,25,2020,6,13.5,11,13
RN,26,2020,0,0,0,0
RN,27,2019,0,0,0,0
RN,27,2020,8,6,10.5,6
RN,28,2020,5,8,14,16
RN,29,2019,0,0,0,0
RN,29,2020,0,0,0,0
RN,30,2020,7.5,6.5,8,17
RN,31,2020,8,0.5,9,9
RN,32,2020,6,12,8,16
RN,33,2020,7,1,6,14
RN,34,2020,9.5,20,13,25
RN,35,2019,8,7,8.5,7
RN,35,2020,5,6.5,11.5,17
RN,36,2020,5,0.5,0,0
RN,37,2020,7,6,7.5,16
RN,38,2020,0,0,5,4
RN,39,2020,7,7.5,8,21
RN,40,2018,6.5,17,10,21
RN,40,2020,4,12,9,12
RN,41,2020,6.5,14,9.5,8
RN,42,2020,8,19,13.5,13
RN,43,2016,4.5,7,6,2
RN,43,2019,5.5,0,0,0
RN,43,2020,4.5,2,6.5,8
RN,44,2020,6.5,4,4.5,9
RN,45,2020,7,0,3,4
RN,46,2019,5.5,3,2.5,1
RN,46,2020,6,1,3,8
RN,47,2020,5,0,4.5,0
RN,48,2019,3.5,7,0,0
RN,48,2020,5.5,9,6,10
RN,49,2019,4.5,9,8,5
RN,49,2020,7,0,0,0
RN,50,2018,4.5,7.5,10,0
RN,50,2020,6.5,1,2.5,9
RN,51,2018,0,0,0,0
RN,51,2019,2,0,1,0
RN,51,2020,5.5,1,7,16
RN,52,2020,4.5,2,0,0
RN,53,2018,3.5,0,1,0
RN,53,2019,4,1,6,4
RN,53,2020,3.5,0,4,8
RN,54,2020,7,6,5,10
RN,55,2019,7,0,2,0
RN,55,2020,5,7,6,8
RN,56,2018,6.5,3,0,0
RN,56,2020,4.5,1,2,0
RN,57,2020,6,1,2.5,6
RN,58,2020,2,6,5,8
RN,59,2019,4,0,0,0
RN,59,2020,2.5,0,0,0
RN,60,2020,0,0,2,13
RN,61,2020,5.5,2,7,6
RN,62,2019,2.5,0,0,0
RN,62,2020,2.5,7,7,22
RN,63,2020,4.5,0,0,0
RN,64,2019,5,2,0,0
RN,64,2020,6.5,2,0,0
RN,65,2020,7,11,8,7
RN,66,2020,3,0,2,1
RN,67,2020,5,7,9,25
RN,68,2020,4,2,3,15
RN,69,2016,8,1,4.5,1
RN,69,2018,7,3,4.5,5
RN,69,2020,6,7,3,17
RN,70,2020,6,13,3,24
RN,71,2020,3.5,8,5,23
RN,72,2020,1.5,0,0,0
RN,73,2020,1.5,0,1,0
RN,74,2020,3.5,0,1,0
RN,75,2020,3,6,5,5
RN,76,2017,1.5,2,3,4
RN,78,2020,3.5,3,3,13
RN,79,2020,4,0,6,17
RN,81,2017,4,0,0,0
RN,82,2017,8.5,4,5,8
RN,82,2020,1.5,3,0,0
RN,83,2019,5,5,6.5,15
RN,88,2019,0,0,0,0
RN,88,2020,6.5,0,4,2
RN,90,2020,6,5,3.5,11
RN,91,2020,2,0,2,1
RN,95,2020,0,0,0,0
RN,99,2018,4,0,5,9
RN,103,2020,4.5,9,7,5
RN,108,2018,4,10,6.5,2
RN,109,2020,5.5,11,6,12
RN,110,2020,3,7,4,11
RN,125,2020,0,0,3,4
RN,126,2020,3,6,0,0
RN,132,2020,5.5,9,7.5,25