20200105 12 208 204 204
20200128 09 179 164 164
20200108 12 171 156 171
20200116 12 196 196 196
20200105 19 188 179 179
20200201 19 112 92 100
20200120 12 188 184 171
20200125 09 244 236 240
20200127 09 175 164 171
20200113 09 148 136 136
20200105 09 160 160 140
20200114 09 184 179 171
20200104 19 164 160 164
20200118 09 179 171 179
20200129 19 144 127 136
20200110 19 175 164 164
20200118 19 184 184 175
20200113 19 127 119 119
20200128 19 127 119 116
20200108 19 164 164 156
20200117 12 123 108 116
20200107 19 175 175 160
20200103 09 123 145 143
20200112 12 184 184 171
20200124 09 224 220 220
20200118 12 216 216 208
20200125 19 244 240 236
20200121 19 192 179 192
20200112 09 168 164 156
20200129 09 200 200 184
20200130 19 119 100 116
20200106 09 200 192 192
20200123 09 216 204 216
20200115 12 179 168 171
20200117 19 136 116 119
20200122 19 224 224 216
20200107 12 192 184 184
20200103 12 121 142 141
20200112 19 144 131 140
20200123 19 184 179 179
20200111 12 212 208 208
20200106 19 168 152 156
20200131 12 171 156 168
20200104 12 212 208 212
20200119 09 123 112 112
20200110 09 192 188 184
20200130 12 192 179 175
20200109 12 175 171 175
20200113 12 208 200 208
20200123 12 200 192 196
20200129 12 184 175 184
20200111 19 131 127 112
20200117 09 196 184 188
20200115 09 188 184 179
20200109 09 200 200 200
20200122 09 220 212 216
20200114 12 164 164 148
20200104 09 156 136 136
20200110 12 160 156 156
20200130 09 196 188 192
20200124 12 224 220 220
20200115 19 152 152 140
20200127 12 192 175 192
20200107 09 216 212 212
20200116 19 168 160 168
20200120 09 220 208 216
20200122 12 196 196 196
20200124 19 252 252 252
20200103 19 120 131 141
20200201 09 112 96 108
20200111 09 171 171 168
20200120 19 184 168 175
20200108 09 200 192 184
20200121 09 224 224 216
20200121 12 220 212 212
20200126 09 252 252 244
20200119 19 179 179 171
20200128 12 160 156 152
20200127 19 156 152 144
20200131 19 160 148 152
20200116 09 208 196 200
20200114 19 152 136 131
20200201 12 200 200 188
20200119 12 200 184 184
20200131 09 204 192 196
20200106 12 200 196 192
20200109 19 152 144 148
20200125 12 212 200 212
20200126 19 196 184 188
20200126 12 244 236 236