25 1 2016 16
14 7 2018 19
7 3 2015 4
18 10 2017 0
28 4 2018 0
5 6 2016 11
18 3 2017 9
22 5 2016 2
17 7 2018 7
29 3 2015 3
28 10 2018 8
15 7 2018 18
2 4 2018 17
28 9 2016 10
1 12 2017 1
8 12 2015 12
24 1 2015 11
2 4 2017 17
18 6 2015 10
19 7 2015 16
31 5 2016 20
4 7 2015 7
27 3 2016 10
9 12 2015 14
29 7 2016 7
4 10 2018 5
7 9 2015 0
4 12 2017 6
21 10 2015 9
5 3 2017 8
21 5 2015 20
15 11 2018 8
11 7 2015 13
13 9 2016 7
11 2 2016 19
17 12 2018 11
27 6 2018 9
7 12 2016 5
29 12 2015 8
25 6 2016 7
12 5 2016 7
30 12 2018 14
23 10 2015 14
18 9 2016 10
18 3 2015 5
12 10 2017 8
7 12 2018 2
2 11 2017 13
17 2 2015 20
11 6 2018 6
7 11 2017 1
13 4 2017 20
6 3 2015 4
12 9 2015 19
24 10 2017 10
17 9 2017 14
22 5 2015 3
15 12 2018 5
1 10 2017 3
5 10 2016 9
22 4 2018 18
18 8 2018 4
16 6 2018 6
1 9 2016 10
3 1 2017 4
29 10 2015 3
28 4 2015 5
11 9 2018 8
18 3 2016 16
30 9 2018 11
10 6 2018 6
25 1 2018 19
4 10 2017 2
15 8 2015 12
14 2 2017 6
10 9 2017 1
22 9 2017 10
14 10 2015 11
5 2 2016 15
18 6 2017 5
18 1 2017 0
6 7 2015 8
6 11 2016 4
11 1 2018 3
16 1 2017 12
12 8 2015 20
6 8 2018 4
24 10 2015 4
11 8 2017 4
23 1 2015 9
12 6 2017 19
29 11 2018 0
8 1 2017 20
2 5 2018 8
11 7 2017 12
22 7 2017 17
11 9 2016 11
11 12 2016 10
