20200122 19 107 9 89 12 108
20191022 9 97 19 76 12 82
20200130 19 249 12 236 9 228
20191115 9 62 19 63 12 71
20200210 9 124 12 132 19 143
20191226 12 119 19 112 9 111
20191207 19 76 9 92 12 83
20191023 9 216 19 228 12 228
20200102 19 133 12 128 9 140
20191113 9 191 19 193 12 193
20200118 19 191 9 217 12 205
20191111 9 114 12 119 19 120
20191127 9 100 12 94 19 109
20200215 12 93 9 81 19 88
20191010 9 96 12 81 19 71
20200209 9 197 19 228 12 210
20191204 12 85 9 98 19 74
20191020 9 227 19 235 12 222
20191008 19 105 12 93 9 74
20191203 19 61 9 70 12 62
20191116 19 229 9 223 12 227
20200208 12 240 9 224 19 256
20191231 9 141 12 128 19 127
20191212 9 242 12 231 19 243
20191208 12 172 9 177 19 187
20200125 19 206 12 212 9 204
20191027 19 52 9 65 12 60
20200112 12 101 9 116 19 93
20191218 9 153 12 140 19 130
20200216 9 86 19 74 12 84
20190923 12 230 19 219 9 231
20190924 12 180 9 177 19 170
20191031 12 60 19 79 9 68
20200108 9 210 19 230 12 226
20191005 19 200 12 184 9 187
20190928 19 214 9 204 12 208
20191016 9 234 12 235 19 241
20200214 19 224 9 230 12 232
20200120 9 164 19 178 12 159
20191030 9 224 12 216 19 227
20191110 19 233 12 232 9 244
20191223 19 145 9 143 12 147
20200201 19 103 9 75 12 90
20191004 9 249 12 257 19 262
20191018 9 196 19 199 12 194
20200116 19 231 9 235 12 227
20200107 9 74 19 98 12 83
20191125 12 200 19 189 9 213
20191128 12 233 19 246 9 240
20191108 12 176 9 162 19 168
20191112 12 121 9 121 19 107
20200205 9 164 19 182 12 183
20191011 19 77 12 69 9 81
20191025 19 148 12 145 9 130
20191201 9 145 19 176 12 161
20200110 12 226 9 227 19 219
20200111 19 212 12 218 9 223
20191107 19 97 9 105 12 91
20190927 19 179 9 150 12 163
20200204 19 74 9 61 12 61
20191228 19 165 12 149 9 148
20191213 19 89 12 89 9 79
20191211 12 89 9 87 19 79
20200123 19 140 9 138 12 141
20200113 19 171 12 171 9 173
20191015 12 218 19 213 9 229
20191122 9 114 19 92 12 102
20191024 19 208 12 208 9 196
20191009 9 232 19 210 12 223
20191210 12 183 19 181 9 170
20191029 12 142 19 151 9 138
20191120 19 96 9 86 12 91
20191014 9 188 19 194 12 187
20191118 9 122 19 142 12 133
20191126 19 177 12 171 9 158
20191129 12 124 19 123 9 126
20191121 19 102 12 110 9 94
20191109 12 210 19 205 9 214
20191229 19 84 9 78 12 86
20200119 19 217 9 185 12 202
20191124 12 197 19 197 9 205
20191123 19 170 12 175 9 174
20190920 19 74 9 61 12 74
20191106 19 75 9 67 12 69
20190930 12 174 9 188 19 173
20191002 19 56 12 56 9 60
20191013 19 143 9 165 12 152
20200203 12 153 19 141 9 142
20191026 12 68 9 68 19 58
20191202 19 201 9 179 12 194
20191219 9 122 19 102 12 111
20191017 19 251 9 237 12 245
20191001 9 99 12 115 19 105
20191225 12 99 9 105 19 86
20191214 19 122 12 108 9 108
20191222 19 247 9 237 12 241
20191105 12 215 19 212 9 202
20191101 19 83 12 82 9 80
20200101 9 192 12 190 19 200
20190926 12 99 19 112 9 94
20191007 19 62 9 69 12 72
20200206 19 173 9 194 12 186
20200202 19 249 12 233 9 225
20200124 19 172 12 159 9 152
20191006 19 126 12 116 9 102
20191217 12 116 9 112 19 110
20191205 19 168 12 171 9 177
20191103 9 197 12 201 19 204
20200127 9 110 12 126 19 122
20200131 12 176 19 177 9 163
20191130 12 87 9 83 19 91
20191220 12 123 9 104 19 140
20190922 19 191 12 190 9 190
20200121 19 68 9 82 12 73
20191227 9 205 19 239 12 220
20190925 19 212 9 195 12 208
20191216 12 200 9 198 19 188
20191221 9 68 12 64 19 82
20191019 19 251 12 242 9 236
20191021 9 87 12 88 19 100
20200213 12 171 9 175 19 177
20200126 12 226 19 222 9 241
20191104 19 204 12 207 9 194
20191206 19 96 9 103 12 89
20200109 12 116 9 109 19 125
20200207 9 176 19 178 12 177
20200115 9 105 19 97 12 102
20191230 9 169 12 181 19 166
20191102 19 157 9 172 12 172
20200105 9 80 19 74 12 69
20200211 12 70 9 61 19 57
20191114 12 169 9 169 19 163
20191215 9 225 19 240 12 225
20200128 9 106 19 86 12 91
20190921 12 184 19 189 9 177
20200103 19 142 9 127 12 127
20191028 9 205 19 226 12 218
20191003 12 86 9 67 19 76
20200129 9 117 12 109 19 98
20200212 12 198 19 216 9 211
20200117 19 197 9 213 12 203
20200106 19 94 12 86 9 76
20191012 9 87 19 66 12 74
20190929 12 90 9 90 19 77
20191119 19 62 12 63 9 77
20200114 19 189 9 198 12 189
20191117 19 206 9 210 12 199
20191224 19 134 9 128 12 118
20191209 12 60 19 79 9 67
20200104 12 169 19 185 9 150
